Lab7

Rz

Rz =

    0.8660   -0.5000         0
    0.5000    0.8660         0
         0         0    1.0000

Ry

Ry =

    0.8660         0    0.5000
         0    1.0000         0
   -0.5000         0    0.8660

R1

R1 =

    1.7321
    1.0000
         0

R2

R2 =

    1.7321
         0
   -1.0000

Lab7
diary off
