x = 0:0.1:10;
y = x.^2;